[[-7.742650806903839e-2, 0.7992361783981323], [-0.7999540567398071, -0.5351684093475342]]
[9.139268100261688e-2, 1.887065052986145]
[[-0.35861074924468994, 0.2899344563484192], [-0.17931236326694489, -0.37829145789146423]]
[0.371360719203949, -0.5435593128204346]
***
[[0.9925205111503601, -4.170918092131615e-2]]
[[-1.7176085710525513, 0.4960438013076782]]
[[1.348414421081543, -0.42766156792640686]]
***
[[0.7380931973457336, 0.9002320766448975]]
***
1.0678967237472534
***
[[[-0.2757514417171478, 0.24986211955547333],
 [1.1588039807975292e-2, -1.0500079952180386e-2]],[-0.27782946825027466, 0.2517450451850891],[[0.47720226645469666, -0.4323994517326355],
 [-0.13781557977199554, 0.12487656623125076]],[-0.27782946825027466, 0.2517450451850891]]
***
